[gd_scene load_steps=19 format=3 uid="uid://cnho7sngftoxj"]

[ext_resource type="Script" uid="uid://m88oep58i88q" path="res://scripts/world.gd" id="1_f3sb7"]
[ext_resource type="Script" uid="uid://d2t357lekvvfd" path="res://scripts/camera_3d.gd" id="2_fj7yv"]
[ext_resource type="Texture2D" uid="uid://cj8n2wp85xdwo" path="res://resources/track_texture2.jpg" id="3_k0juu"]
[ext_resource type="PackedScene" uid="uid://c8pmqaww7dn0k" path="res://scenes/vehicle.tscn" id="4_aqk2v"]
[ext_resource type="Texture2D" uid="uid://cltvyp62qhwfv" path="res://resources/snowflake.png" id="5_71j4m"]
[ext_resource type="PackedScene" uid="uid://ith22phhte41" path="res://scenes/coin.tscn" id="6_qfnet"]
[ext_resource type="PackedScene" uid="uid://d3m0s1xfevnyb" path="res://scenes/coin_counter.tscn" id="7_i7141"]

[sub_resource type="Gradient" id="Gradient_gv5m4"]
offsets = PackedFloat32Array(0, 0.586667, 1)
colors = PackedColorArray(0, 0, 0, 1, 0.26, 0.26, 0.26, 1, 1, 1, 1, 1)

[sub_resource type="FastNoiseLite" id="FastNoiseLite_tlwt5"]
noise_type = 3
seed = 30
offset = Vector3(580.74, 0, 0)
fractal_type = 3
fractal_octaves = 10
fractal_lacunarity = 1.495
fractal_gain = 0.255
fractal_weighted_strength = 1.0
fractal_ping_pong_strength = 1.52
cellular_return_type = 0
domain_warp_enabled = true

[sub_resource type="NoiseTexture2D" id="NoiseTexture2D_tlwt5"]
noise = SubResource("FastNoiseLite_tlwt5")
color_ramp = SubResource("Gradient_gv5m4")
seamless = true
seamless_blend_skirt = 0.15

[sub_resource type="StandardMaterial3D" id="StandardMaterial3D_fj7yv"]
diffuse_mode = 1
vertex_color_use_as_albedo = true
normal_scale = 16.0
ao_light_affect = 0.98
subsurf_scatter_strength = 1.0
subsurf_scatter_skin_mode = true
refraction_scale = -1.0

[sub_resource type="Environment" id="Environment_fj7yv"]
background_mode = 1
ambient_light_source = 2
ambient_light_color = Color(1, 1, 1, 1)
sdfgi_use_occlusion = true
glow_intensity = 6.39
glow_hdr_threshold = 0.0
fog_enabled = true

[sub_resource type="ParticleProcessMaterial" id="ParticleProcessMaterial_qfnet"]
emission_shape = 3
emission_box_extents = Vector3(100, 1, 80)
angle_min = 1.0728835e-05
angle_max = 360.00003
direction = Vector3(1, -1, 0)
initial_velocity_min = 10.0
initial_velocity_max = 20.0
angular_velocity_min = 29.999983
angular_velocity_max = 49.99998
linear_accel_min = 0.99999774
linear_accel_max = 9.999997
scale_min = 0.5

[sub_resource type="StandardMaterial3D" id="StandardMaterial3D_i7141"]
transparency = 1
shading_mode = 0
albedo_texture = ExtResource("5_71j4m")
billboard_mode = 1
billboard_keep_scale = true

[sub_resource type="QuadMesh" id="QuadMesh_4mrxx"]
material = SubResource("StandardMaterial3D_i7141")

[sub_resource type="Curve3D" id="Curve3D_i7141"]
closed = true
_data = {
"points": PackedVector3Array(0, 0, 0, 0, 0, 0, -47.841995, -10.345451, -9.5457535, 0, 0, 0, 0, 0, 0, -57.34236, -10.394508, -6.5378456, 0, 0, 0, 0, 0, 0, -81.21161, -10.959686, 3.41214, 0, 0, 0, 0, 0, 0, -106.67107, -13.279968, 32.938194, 0, 0, 0, 0, 0, 0, -113.26631, -12.5841675, 75.88721, 0, 0, 0, 0, 0, 0, -108.143265, -11.581673, 112.59645, 0, 0, 0, 0, 0, 0, -95.4754, -10.202667, 152.80116, 0, 0, 0, 0, 0, 0, -81.97293, -9.588112, 185.52318, 0, 0, 0, 0, 0, 0, -58.68524, -8.951897, 218.48097, 0, 0, 0, 0, 0, 0, -32.132736, -9.390213, 242.35832, 0, 0, 0, 0, 0, 0, 3.102356, -9.487946, 251.85408, 0, 0, 0, 0, 0, 0, 35.608215, -10.235008, 238.14732, 0, 0, 0, 0, 0, 0, 59.272797, -10.021889, 208.84154, 0, 0, 0, 0, 0, 0, 72.69675, -11.1623, 167.71567, 0, 0, 0, 0, 0, 0, 72.048615, -10.668282, 126.0499, 0, 0, 0, 0, 0, 0, 65.08414, -10.220131, 84.71185, 0, 0, 0, 0, 0, 0, 49.579865, -10.707367, 48.22586, 0, 0, 0, 0, 0, 0, 27.482452, -11.070045, 9.661095, 0, 0, 0, 0, 0, 0, -7.9842834, -11.292419, -12.56052, 0, 0, 0, 0, 0, 0, -38.65326, -11.047226, -12.439117),
"tilts": PackedFloat32Array(0, 0, 0, 0, 0, 0, 0, 0, 0, 0, 0, 0, 0, 0, 0, 0, 0, 0, 0, 0)
}
point_count = 20

[sub_resource type="StandardMaterial3D" id="StandardMaterial3D_4mrxx"]
albedo_texture = ExtResource("3_k0juu")
uv1_scale = Vector3(1, 7.7, 1)

[sub_resource type="BoxShape3D" id="BoxShape3D_i7141"]
size = Vector3(45.620216, 24.768093, 1)

[node name="World" type="Node3D"]
script = ExtResource("1_f3sb7")

[node name="Noise" type="Sprite2D" parent="."]
visible = false
position = Vector2(66, 66)
scale = Vector2(0.25, 0.25)
texture = SubResource("NoiseTexture2D_tlwt5")

[node name="MeshInstance3D" type="MeshInstance3D" parent="."]
material_overlay = SubResource("StandardMaterial3D_fj7yv")

[node name="GPUParticlesCollisionBox3D" type="GPUParticlesCollisionBox3D" parent="MeshInstance3D"]
transform = Transform3D(1, 0, 0, 0, 1, 0, 0, 0, 1, 244.31209, 127.73365, 260.2429)
size = Vector3(300, 200, 400)

[node name="Marker3D" type="Marker3D" parent="."]
transform = Transform3D(0.523986, 0.851727, 0, -0.851727, 0.523986, 0, 0, 0, 1, 0, 0, 0)

[node name="Camera3D" type="Camera3D" parent="Marker3D"]
transform = Transform3D(-4.37114e-08, -1, -4.37114e-08, 0, -4.37114e-08, 1, -1, 4.37114e-08, 1.91069e-15, 0, 1250, 0)
fov = 29.7
size = 755.69
far = 6440.2
script = ExtResource("2_fj7yv")

[node name="DirectionalLight3D" type="DirectionalLight3D" parent="Marker3D/Camera3D"]
transform = Transform3D(1, 0, 0, 0, 1, 0, 0, 0, 1, 0, 10, 0)
light_color = Color(0.92549, 0.92549, 0.517647, 1)
light_energy = 0.42
light_volumetric_fog_energy = 1.77
directional_shadow_mode = 1
directional_shadow_blend_splits = true

[node name="WorldEnvironment" type="WorldEnvironment" parent="."]
environment = SubResource("Environment_fj7yv")

[node name="VehicleBody3D" parent="." instance=ExtResource("4_aqk2v")]
transform = Transform3D(1, 0, 0, 0, 1, 0, 0, 0, 1, 0, 34.447052, 0)
gravity_scale = 2.0

[node name="CameraFollow" type="Camera3D" parent="VehicleBody3D"]
transform = Transform3D(-1, 1.51808e-08, -8.60946e-08, 0, 0.984808, 0.173648, 8.74228e-08, 0.173648, -0.984808, -0.5, 4.88, -12.244)
current = true

[node name="CameraTopDown" type="Camera3D" parent="VehicleBody3D"]
transform = Transform3D(-1, 1.51808e-08, -8.60946e-08, 0, 0.984808, 0.173648, 8.74228e-08, 0.173648, -0.984808, 0, 4.88, -12.244)
script = ExtResource("2_fj7yv")

[node name="CameraCinematic" type="Camera3D" parent="VehicleBody3D"]
transform = Transform3D(-1, 1.51808e-08, -8.60946e-08, 0, 0.984808, 0.173648, 8.74228e-08, 0.173648, -0.984808, -0.5, 4.88, -12.244)

[node name="CameraOrbit" type="Camera3D" parent="VehicleBody3D"]
transform = Transform3D(-1, 1.51808e-08, -8.60946e-08, 0, 0.984808, 0.173648, 8.74228e-08, 0.173648, -0.984808, -0.5, 4.88, -12.244)

[node name="SnowParticles" type="GPUParticles3D" parent="."]
transform = Transform3D(-0.9989355, -0.024141368, 0.039306387, -0.024571758, 0.99964285, -0.010503516, -0.039038785, -0.011458164, -0.99917215, 249.12372, 106.14195, 302.85712)
custom_aabb = AABB(-1000, -1000, -1000, 2000, 2000, 2000)
amount = 2000
lifetime = 5.0
process_material = SubResource("ParticleProcessMaterial_qfnet")
draw_pass_1 = SubResource("QuadMesh_4mrxx")

[node name="SnowParticles2" type="GPUParticles3D" parent="."]
transform = Transform3D(-0.9989355, -0.024141368, 0.039306387, -0.024571758, 0.99964285, -0.010503516, -0.039038785, -0.011458164, -0.99917215, 249.12372, 106.14195, 142.64467)
custom_aabb = AABB(-1000, -1000, -1000, 2000, 2000, 2000)
amount = 2000
lifetime = 5.0
process_material = SubResource("ParticleProcessMaterial_qfnet")
draw_pass_1 = SubResource("QuadMesh_4mrxx")

[node name="SnowParticles3" type="GPUParticles3D" parent="."]
transform = Transform3D(-0.9989355, -0.024141368, 0.039306387, -0.024571758, 0.99964285, -0.010503516, -0.039038785, -0.011458164, -0.99917215, 423.59653, 106.14195, 302.85712)
custom_aabb = AABB(-1000, -1000, -1000, 2000, 2000, 2000)
amount = 2000
lifetime = 5.0
process_material = SubResource("ParticleProcessMaterial_qfnet")
draw_pass_1 = SubResource("QuadMesh_4mrxx")

[node name="SnowParticles4" type="GPUParticles3D" parent="."]
transform = Transform3D(-0.9989355, -0.024141368, 0.039306387, -0.024571758, 0.99964285, -0.010503516, -0.039038785, -0.011458164, -0.99917215, 423.59653, 106.14195, 142.64467)
custom_aabb = AABB(-1000, -1000, -1000, 2000, 2000, 2000)
amount = 2000
lifetime = 5.0
process_material = SubResource("ParticleProcessMaterial_qfnet")
draw_pass_1 = SubResource("QuadMesh_4mrxx")

[node name="SnowParticles5" type="GPUParticles3D" parent="."]
transform = Transform3D(-0.9989355, -0.024141368, 0.039306387, -0.024571758, 0.99964285, -0.010503516, -0.039038785, -0.011458164, -0.99917215, 95.1099, 106.14195, 302.85712)
custom_aabb = AABB(-1000, -1000, -1000, 2000, 2000, 2000)
amount = 2000
lifetime = 5.0
process_material = SubResource("ParticleProcessMaterial_qfnet")
draw_pass_1 = SubResource("QuadMesh_4mrxx")

[node name="SnowParticles6" type="GPUParticles3D" parent="."]
transform = Transform3D(-0.9989355, -0.024141368, 0.039306387, -0.024571758, 0.99964285, -0.010503516, -0.039038785, -0.011458164, -0.99917215, 95.1099, 106.14195, 142.64467)
custom_aabb = AABB(-1000, -1000, -1000, 2000, 2000, 2000)
amount = 2000
lifetime = 5.0
process_material = SubResource("ParticleProcessMaterial_qfnet")
draw_pass_1 = SubResource("QuadMesh_4mrxx")

[node name="CoinsCounterDisplay" parent="." instance=ExtResource("7_i7141")]

[node name="Coins" type="Node3D" parent="."]
transform = Transform3D(1, 0, 0, 0, 1, 0, 0, 0, 1, 0, -40.090927, 0)

[node name="coin" parent="Coins" node_paths=PackedStringArray("coin_counter") instance=ExtResource("6_qfnet")]
transform = Transform3D(0.96532696, 0, -0.26104367, 0, 1, 0, 0.26104367, 0, 0.96532696, 353.12292, 105.063515, 234.62296)
coin_counter = NodePath("../../CoinsCounterDisplay")

[node name="coin2" parent="Coins" node_paths=PackedStringArray("coin_counter") instance=ExtResource("6_qfnet")]
transform = Transform3D(0.95823777, 0, -0.2859727, 0, 1, 0, 0.2859727, 0, 0.95823777, 346.11862, 105.76389, 246.2656)
coin_counter = NodePath("../../CoinsCounterDisplay")

[node name="coin3" parent="Coins" node_paths=PackedStringArray("coin_counter") instance=ExtResource("6_qfnet")]
transform = Transform3D(0.9571832, 0, -0.2894829, 0, 1, 0, 0.2894829, 0, 0.9571832, 338.15887, 105.57863, 256.66226)
coin_counter = NodePath("../../CoinsCounterDisplay")

[node name="coin4" parent="Coins" node_paths=PackedStringArray("coin_counter") instance=ExtResource("6_qfnet")]
transform = Transform3D(0.9781331, 0, -0.20797998, 0, 1, 0, 0.20797998, 0, 0.9781331, 354.17993, 105.7428, 217.82642)
coin_counter = NodePath("../../CoinsCounterDisplay")

[node name="coin5" parent="Coins" node_paths=PackedStringArray("coin_counter") instance=ExtResource("6_qfnet")]
transform = Transform3D(0.977787, 0, -0.20960152, 0, 1, 0, 0.20960152, 0, 0.977787, 342.9624, 106.185555, 227.43219)
coin_counter = NodePath("../../CoinsCounterDisplay")

[node name="coin6" parent="Coins" node_paths=PackedStringArray("coin_counter") instance=ExtResource("6_qfnet")]
transform = Transform3D(1, 0, 0, 0, 1, 0, 0, 0, 1, 356.5436, 104.85243, 182.72237)
coin_counter = NodePath("../../CoinsCounterDisplay")

[node name="coin7" parent="Coins" node_paths=PackedStringArray("coin_counter") instance=ExtResource("6_qfnet")]
transform = Transform3D(1, 0, 0, 0, 1, 0, 0, 0, 1, 347.12598, 105.7472, 193.06186)
coin_counter = NodePath("../../CoinsCounterDisplay")

[node name="coin8" parent="Coins" node_paths=PackedStringArray("coin_counter") instance=ExtResource("6_qfnet")]
transform = Transform3D(1, 0, 0, 0, 1, 0, 0, 0, 1, 355.55997, 104.732834, 203.22264)
coin_counter = NodePath("../../CoinsCounterDisplay")

[node name="coin9" parent="Coins" node_paths=PackedStringArray("coin_counter") instance=ExtResource("6_qfnet")]
transform = Transform3D(0.5438044, 0, 0.83921194, 0, 1, 0, -0.83921194, 0, 0.5438044, 305.12778, 102.759735, 73.93468)
coin_counter = NodePath("../../CoinsCounterDisplay")

[node name="coin10" parent="Coins" node_paths=PackedStringArray("coin_counter") instance=ExtResource("6_qfnet")]
transform = Transform3D(0.73911405, 0, 0.6735802, 0, 1, 0, -0.6735802, 0, 0.73911405, 317.08887, 102.77543, 82.6592)
coin_counter = NodePath("../../CoinsCounterDisplay")

[node name="coin11" parent="Coins" node_paths=PackedStringArray("coin_counter") instance=ExtResource("6_qfnet")]
transform = Transform3D(0.4912079, 0, 0.8710425, 0, 1, 0, -0.8710425, 0, 0.4912079, 305.72916, 104.304436, 85.20548)
coin_counter = NodePath("../../CoinsCounterDisplay")

[node name="coin12" parent="Coins" node_paths=PackedStringArray("coin_counter") instance=ExtResource("6_qfnet")]
transform = Transform3D(0.8334617, 0, 0.5525772, 0, 1, 0, -0.5525772, 0, 0.8334617, 315.68832, 104.08759, 93.829704)
coin_counter = NodePath("../../CoinsCounterDisplay")

[node name="coin13" parent="Coins" node_paths=PackedStringArray("coin_counter") instance=ExtResource("6_qfnet")]
transform = Transform3D(0.4141532, 0, 0.91020715, 0, 1, 0, -0.91020715, 0, 0.4141532, 283.3743, 104.56333, 75.75179)
coin_counter = NodePath("../../CoinsCounterDisplay")

[node name="coin14" parent="Coins" node_paths=PackedStringArray("coin_counter") instance=ExtResource("6_qfnet")]
transform = Transform3D(0.37985992, 0, 0.9250441, 0, 1, 0, -0.9250441, 0, 0.37985992, 289.53415, 102.94624, 67.804405)
coin_counter = NodePath("../../CoinsCounterDisplay")

[node name="coin15" parent="Coins" node_paths=PackedStringArray("coin_counter") instance=ExtResource("6_qfnet")]
transform = Transform3D(0.44408792, 0, 0.89598316, 0, 1, 0, -0.89598316, 0, 0.44408792, 292.90817, 104.37805, 83.89431)
coin_counter = NodePath("../../CoinsCounterDisplay")

[node name="coin16" parent="Coins" node_paths=PackedStringArray("coin_counter") instance=ExtResource("6_qfnet")]
transform = Transform3D(0.9259366, 0, 0.37767914, 0, 1, 0, -0.37767914, 0, 0.9259366, 168.36807, 105.09339, 331.39258)
coin_counter = NodePath("../../CoinsCounterDisplay")

[node name="coin30" parent="Coins" node_paths=PackedStringArray("coin_counter") instance=ExtResource("6_qfnet")]
transform = Transform3D(0.98934114, 0, -0.14561683, 0, 1, 0, 0.14561683, 0, 0.98934114, 157.96718, 104.867584, 184.589)
coin_counter = NodePath("../../CoinsCounterDisplay")

[node name="coin31" parent="Coins" node_paths=PackedStringArray("coin_counter") instance=ExtResource("6_qfnet")]
transform = Transform3D(0.9894754, 0, -0.14470161, 0, 1, 0, 0.14470161, 0, 0.9894754, 144.88925, 103.50141, 192.25224)
coin_counter = NodePath("../../CoinsCounterDisplay")

[node name="coin32" parent="Coins" node_paths=PackedStringArray("coin_counter") instance=ExtResource("6_qfnet")]
transform = Transform3D(0.9931095, 0, -0.11719075, 0, 1, 0, 0.11719075, 0, 0.9931095, 152.35255, 105.7429, 205.4185)
coin_counter = NodePath("../../CoinsCounterDisplay")

[node name="coin33" parent="Coins" node_paths=PackedStringArray("coin_counter") instance=ExtResource("6_qfnet")]
transform = Transform3D(0.996797, 0, -0.079972744, 0, 1, 0, 0.079972744, 0, 0.996797, 141.15439, 104.231186, 215.54674)
coin_counter = NodePath("../../CoinsCounterDisplay")

[node name="coin17" parent="Coins" node_paths=PackedStringArray("coin_counter") instance=ExtResource("6_qfnet")]
transform = Transform3D(0.8803698, 0, 0.47428793, 0, 1, 0, -0.47428793, 0, 0.8803698, 175.59938, 106.1993, 318.45413)
coin_counter = NodePath("../../CoinsCounterDisplay")

[node name="coin18" parent="Coins" node_paths=PackedStringArray("coin_counter") instance=ExtResource("6_qfnet")]
transform = Transform3D(0.93060297, 0, 0.36603022, 0, 1, 0, -0.36603022, 0, 0.93060297, 166.0455, 105.48563, 311.19803)
coin_counter = NodePath("../../CoinsCounterDisplay")

[node name="coin19" parent="Coins" node_paths=PackedStringArray("coin_counter") instance=ExtResource("6_qfnet")]
transform = Transform3D(0.93060297, 0, 0.36603022, 0, 1, 0, -0.36603022, 0, 0.93060297, 168.43172, 106.26125, 298.80444)
coin_counter = NodePath("../../CoinsCounterDisplay")

[node name="coin20" parent="Coins" node_paths=PackedStringArray("coin_counter") instance=ExtResource("6_qfnet")]
transform = Transform3D(0.96166956, 0, 0.27421096, 0, 1, 0, -0.27421096, 0, 0.96166956, 152.76082, 105.47718, 297.94626)
coin_counter = NodePath("../../CoinsCounterDisplay")

[node name="coin21" parent="Coins" node_paths=PackedStringArray("coin_counter") instance=ExtResource("6_qfnet")]
transform = Transform3D(0.970817, 0, 0.23982139, 0, 1, 0, -0.23982139, 0, 0.970817, 159.84048, 106.12406, 283.94812)
coin_counter = NodePath("../../CoinsCounterDisplay")

[node name="coin22" parent="Coins" node_paths=PackedStringArray("coin_counter") instance=ExtResource("6_qfnet")]
transform = Transform3D(0.47852325, 0, -0.8780749, 0, 1, 0, 0.8780749, 0, 0.47852325, 284.9194, 104.40726, 349.28644)
coin_counter = NodePath("../../CoinsCounterDisplay")

[node name="coin23" parent="Coins" node_paths=PackedStringArray("coin_counter") instance=ExtResource("6_qfnet")]
transform = Transform3D(0.45187432, 0, -0.8920816, 0, 1, 0, 0.8920816, 0, 0.45187432, 283.10672, 105.89951, 336.99835)
coin_counter = NodePath("../../CoinsCounterDisplay")

[node name="coin24" parent="Coins" node_paths=PackedStringArray("coin_counter") instance=ExtResource("6_qfnet")]
transform = Transform3D(0.54012287, 0, -0.84158623, 0, 1, 0, 0.84158623, 0, 0.54012287, 298.4774, 104.39252, 341.50006)
coin_counter = NodePath("../../CoinsCounterDisplay")

[node name="coin25" parent="Coins" node_paths=PackedStringArray("coin_counter") instance=ExtResource("6_qfnet")]
transform = Transform3D(0.69455796, 0, -0.7194369, 0, 1, 0, 0.7194369, 0, 0.69455796, 295.7203, 105.546104, 327.6496)
coin_counter = NodePath("../../CoinsCounterDisplay")

[node name="coin26" parent="Coins" node_paths=PackedStringArray("coin_counter") instance=ExtResource("6_qfnet")]
transform = Transform3D(0.7269103, 0, -0.6867322, 0, 1, 0, 0.6867322, 0, 0.7269103, 308.1023, 104.89571, 325.605)
coin_counter = NodePath("../../CoinsCounterDisplay")

[node name="Path3D" type="Path3D" parent="."]
transform = Transform3D(1, 0, 0, 0, 1, 0, 0, 0, 1, 280.06375, 76.479065, 68.901596)
curve = SubResource("Curve3D_i7141")

[node name="CSGPolygon3D" type="CSGPolygon3D" parent="Path3D"]
transform = Transform3D(0.9309985, 0, -0.36502305, 0, 1, 0, 0.36502305, 0, 0.9309985, -208.75116, -80.57753, -124.012924)
use_collision = true
polygon = PackedVector2Array(25, 0, 0, 2, 1, 1, 1, 0)
mode = 2
path_node = NodePath("..")
path_interval_type = 0
path_interval = 1.0
path_simplify_angle = 0.0
path_rotation = 2
path_rotation_accurate = false
path_local = false
path_continuous_u = true
path_u_distance = 1.0
path_joined = false
material = SubResource("StandardMaterial3D_4mrxx")

[node name="StaticBody3D" type="StaticBody3D" parent="."]

[node name="CollisionShape3D" type="CollisionShape3D" parent="StaticBody3D"]
transform = Transform3D(1, 0, 0, 0, 1, 0, 0, 0, 1, 255.1577, 75.37892, 84.75725)
shape = SubResource("BoxShape3D_i7141")

[node name="CollisionShape3D3" type="CollisionShape3D" parent="StaticBody3D"]
transform = Transform3D(0.5706563, 0, -0.8211891, 0, 1, 0, 0.8211891, 0, 0.5706563, 317.55267, 75.37892, 113.64834)
shape = SubResource("BoxShape3D_i7141")

[node name="CollisionShape3D4" type="CollisionShape3D" parent="StaticBody3D"]
transform = Transform3D(0.1476886, 0, -0.9890339, 0, 1, 0, 0.9890339, 0, 0.1476886, 331.58932, 75.430824, 152.69826)
shape = SubResource("BoxShape3D_i7141")

[node name="CollisionShape3D5" type="CollisionShape3D" parent="StaticBody3D"]
transform = Transform3D(-0.001483487, 0, -0.99999905, 0, 1, 0, 0.99999905, 0, -0.001483487, 336.323, 75.430824, 197.66397)
shape = SubResource("BoxShape3D_i7141")

[node name="CollisionShape3D6" type="CollisionShape3D" parent="StaticBody3D"]
transform = Transform3D(-0.24158317, 0, -0.9703802, 0, 1, 0, 0.9703802, 0, -0.24158317, 329.89667, 75.430824, 241.74979)
shape = SubResource("BoxShape3D_i7141")

[node name="CollisionShape3D7" type="CollisionShape3D" parent="StaticBody3D"]
transform = Transform3D(-0.34876832, 0, -0.93720907, 0, 1, 0, 0.93720907, 0, -0.34876832, 318.15454, 75.430824, 278.15448)
shape = SubResource("BoxShape3D_i7141")

[node name="CollisionShape3D8" type="CollisionShape3D" parent="StaticBody3D"]
transform = Transform3D(-0.6393853, 0, -0.7688865, 0, 1, 0, 0.7688865, 0, -0.6393853, 297.7391, 75.430824, 311.96045)
shape = SubResource("BoxShape3D_i7141")

[node name="CollisionShape3D9" type="CollisionShape3D" parent="StaticBody3D"]
transform = Transform3D(-0.8622043, 0, -0.50656056, 0, 1, 0, 0.50656056, 0, -0.8622043, 266.88922, 75.430824, 337.898)
shape = SubResource("BoxShape3D_i7141")

[node name="CollisionShape3D10" type="CollisionShape3D" parent="StaticBody3D"]
transform = Transform3D(-0.9998973, 0, -0.014328707, 0, 1, 0, 0.014328707, 0, -0.9998973, 233.94481, 75.430824, 346.50644)
shape = SubResource("BoxShape3D_i7141")

[node name="CollisionShape3D11" type="CollisionShape3D" parent="StaticBody3D"]
transform = Transform3D(-0.8037946, 0, 0.5949069, 0, 1, 0, -0.5949069, 0, -0.8037946, 202.0979, 75.430824, 335.2909)
shape = SubResource("BoxShape3D_i7141")

[node name="CollisionShape3D12" type="CollisionShape3D" parent="StaticBody3D"]
transform = Transform3D(-0.43376926, 0, 0.901024, 0, 1, 0, -0.901024, 0, -0.43376926, 178.48303, 75.430824, 304.70584)
shape = SubResource("BoxShape3D_i7141")

[node name="CollisionShape3D13" type="CollisionShape3D" parent="StaticBody3D"]
transform = Transform3D(-0.25694734, 0, 0.96642536, 0, 1, 0, -0.96642536, 0, -0.25694734, 166.98767, 75.430824, 271.803)
shape = SubResource("BoxShape3D_i7141")

[node name="CollisionShape3D14" type="CollisionShape3D" parent="StaticBody3D"]
transform = Transform3D(0.012600854, 0, 0.99992055, 0, 1, 0, -0.99992055, 0, 0.012600854, 162.60925, 75.430824, 230.24062)
shape = SubResource("BoxShape3D_i7141")

[node name="CollisionShape3D15" type="CollisionShape3D" parent="StaticBody3D"]
transform = Transform3D(0.08663403, 0, 0.99624014, 0, 1, 0, -0.99624014, 0, 0.08663403, 164.85732, 75.430824, 184.88977)
shape = SubResource("BoxShape3D_i7141")

[node name="CollisionShape3D16" type="CollisionShape3D" parent="StaticBody3D"]
transform = Transform3D(0.37580377, 0, 0.92669934, 0, 1, 0, -0.92669934, 0, 0.37580377, 175.35654, 75.430824, 141.23547)
shape = SubResource("BoxShape3D_i7141")

[node name="CollisionShape3D17" type="CollisionShape3D" parent="StaticBody3D"]
transform = Transform3D(0.7107012, 0, 0.70349395, 0, 1, 0, -0.70349395, 0, 0.7107012, 201.75716, 75.430824, 103.957085)
shape = SubResource("BoxShape3D_i7141")

[node name="CollisionShape3D18" type="CollisionShape3D" parent="StaticBody3D"]
transform = Transform3D(0.8522478, 0, 0.52313834, 0, 1, 0, -0.52313834, 0, 0.8522478, 212.40445, 75.430824, 95.58486)
shape = SubResource("BoxShape3D_i7141")

[node name="CollisionShape3D2" type="CollisionShape3D" parent="StaticBody3D"]
transform = Transform3D(0.93144375, 0, -0.36388534, 0, 1, 0, 0.36388534, 0, 0.93144375, 289.76025, 75.37892, 90.970985)
shape = SubResource("BoxShape3D_i7141")
