[gd_scene load_steps=18 format=3 uid="uid://cnho7sngftoxj"]

[ext_resource type="Script" uid="uid://m88oep58i88q" path="res://scripts/world.gd" id="1_f3sb7"]
[ext_resource type="Script" uid="uid://d2t357lekvvfd" path="res://scripts/camera_3d.gd" id="2_fj7yv"]
[ext_resource type="Texture2D" uid="uid://cj8n2wp85xdwo" path="res://resources/track_texture2.jpg" id="3_k0juu"]
[ext_resource type="PackedScene" uid="uid://c8pmqaww7dn0k" path="res://scenes/vehicle.tscn" id="4_aqk2v"]
[ext_resource type="Texture2D" uid="uid://cltvyp62qhwfv" path="res://resources/snowflake.png" id="5_71j4m"]
[ext_resource type="PackedScene" uid="uid://ith22phhte41" path="res://scenes/coin.tscn" id="6_qfnet"]
[ext_resource type="PackedScene" uid="uid://d3m0s1xfevnyb" path="res://scenes/coin_counter.tscn" id="7_i7141"]

[sub_resource type="Gradient" id="Gradient_gv5m4"]
offsets = PackedFloat32Array(0, 0.586667, 1)
colors = PackedColorArray(0, 0, 0, 1, 0.26, 0.26, 0.26, 1, 1, 1, 1, 1)

[sub_resource type="FastNoiseLite" id="FastNoiseLite_tlwt5"]
noise_type = 3
seed = 30
offset = Vector3(580.74, 0, 0)
fractal_type = 3
fractal_octaves = 10
fractal_lacunarity = 1.495
fractal_gain = 0.255
fractal_weighted_strength = 1.0
fractal_ping_pong_strength = 1.52
cellular_return_type = 0
domain_warp_enabled = true

[sub_resource type="NoiseTexture2D" id="NoiseTexture2D_tlwt5"]
noise = SubResource("FastNoiseLite_tlwt5")
color_ramp = SubResource("Gradient_gv5m4")
seamless = true
seamless_blend_skirt = 0.15

[sub_resource type="StandardMaterial3D" id="StandardMaterial3D_fj7yv"]
diffuse_mode = 1
vertex_color_use_as_albedo = true
normal_scale = 16.0
ao_light_affect = 0.98
subsurf_scatter_strength = 1.0
subsurf_scatter_skin_mode = true
refraction_scale = -1.0

[sub_resource type="Environment" id="Environment_fj7yv"]
background_mode = 1
ambient_light_source = 2
ambient_light_color = Color(1, 1, 1, 1)
sdfgi_use_occlusion = true
glow_intensity = 6.39
glow_hdr_threshold = 0.0
fog_enabled = true

[sub_resource type="ParticleProcessMaterial" id="ParticleProcessMaterial_qfnet"]
emission_shape = 3
emission_box_extents = Vector3(100, 1, 80)
angle_min = 1.0728835e-05
angle_max = 360.00003
direction = Vector3(1, -1, 0)
initial_velocity_min = 10.0
initial_velocity_max = 20.0
angular_velocity_min = 29.999983
angular_velocity_max = 49.99998
linear_accel_min = 0.99999774
linear_accel_max = 9.999997
scale_min = 0.5

[sub_resource type="StandardMaterial3D" id="StandardMaterial3D_i7141"]
transparency = 1
shading_mode = 0
albedo_texture = ExtResource("5_71j4m")
billboard_mode = 1
billboard_keep_scale = true

[sub_resource type="QuadMesh" id="QuadMesh_4mrxx"]
material = SubResource("StandardMaterial3D_i7141")

[sub_resource type="Curve3D" id="Curve3D_i7141"]
closed = true
_data = {
"points": PackedVector3Array(0, 0, 0, 0, 0, 0, -47.841995, -10.345451, -9.5457535, 0, 0, 0, 0, 0, 0, -57.34236, -10.394508, -6.5378456, 0, 0, 0, 0, 0, 0, -81.21161, -10.959686, 3.41214, 0, 0, 0, 0, 0, 0, -106.67107, -13.279968, 32.938194, 0, 0, 0, 0, 0, 0, -113.26631, -12.5841675, 75.88721, 0, 0, 0, 0, 0, 0, -108.143265, -11.581673, 112.59645, 0, 0, 0, 0, 0, 0, -95.4754, -10.202667, 152.80116, 0, 0, 0, 0, 0, 0, -81.97293, -9.588112, 185.52318, 0, 0, 0, 0, 0, 0, -58.68524, -8.951897, 218.48097, 0, 0, 0, 0, 0, 0, -32.132736, -9.390213, 242.35832, 0, 0, 0, 0, 0, 0, 3.102356, -9.487946, 251.85408, 0, 0, 0, 0, 0, 0, 35.608215, -10.235008, 238.14732, 0, 0, 0, 0, 0, 0, 59.272797, -10.021889, 208.84154, 0, 0, 0, 0, 0, 0, 72.69675, -11.1623, 167.71567, 0, 0, 0, 0, 0, 0, 72.048615, -10.668282, 126.0499, 0, 0, 0, 0, 0, 0, 65.08414, -10.220131, 84.71185, 0, 0, 0, 0, 0, 0, 49.579865, -10.707367, 48.22586, 0, 0, 0, 0, 0, 0, 27.482452, -11.070045, 9.661095, 0, 0, 0, 0, 0, 0, -7.9842834, -11.292419, -12.56052, 0, 0, 0, 0, 0, 0, -38.65326, -11.047226, -12.439117),
"tilts": PackedFloat32Array(0, 0, 0, 0, 0, 0, 0, 0, 0, 0, 0, 0, 0, 0, 0, 0, 0, 0, 0, 0)
}
point_count = 20

[sub_resource type="StandardMaterial3D" id="StandardMaterial3D_4mrxx"]
albedo_texture = ExtResource("3_k0juu")
uv1_scale = Vector3(1, 7.7, 1)

[node name="World" type="Node3D"]
script = ExtResource("1_f3sb7")

[node name="Noise" type="Sprite2D" parent="."]
visible = false
position = Vector2(66, 66)
scale = Vector2(0.25, 0.25)
texture = SubResource("NoiseTexture2D_tlwt5")

[node name="MeshInstance3D" type="MeshInstance3D" parent="."]
material_overlay = SubResource("StandardMaterial3D_fj7yv")

[node name="GPUParticlesCollisionBox3D" type="GPUParticlesCollisionBox3D" parent="MeshInstance3D"]
transform = Transform3D(1, 0, 0, 0, 1, 0, 0, 0, 1, 244.31209, 127.73365, 260.2429)
size = Vector3(300, 200, 400)

[node name="Marker3D" type="Marker3D" parent="."]
transform = Transform3D(0.523986, 0.851727, 0, -0.851727, 0.523986, 0, 0, 0, 1, 0, 0, 0)

[node name="Camera3D" type="Camera3D" parent="Marker3D"]
transform = Transform3D(-4.37114e-08, -1, -4.37114e-08, 0, -4.37114e-08, 1, -1, 4.37114e-08, 1.91069e-15, 0, 1250, 0)
fov = 29.7
size = 755.69
far = 6440.2
script = ExtResource("2_fj7yv")

[node name="DirectionalLight3D" type="DirectionalLight3D" parent="Marker3D/Camera3D"]
transform = Transform3D(1, 0, 0, 0, 1, 0, 0, 0, 1, 0, 10, 0)
light_color = Color(0.92549, 0.92549, 0.517647, 1)
light_energy = 0.42
light_volumetric_fog_energy = 1.77
directional_shadow_mode = 1
directional_shadow_blend_splits = true

[node name="WorldEnvironment" type="WorldEnvironment" parent="."]
environment = SubResource("Environment_fj7yv")

[node name="VehicleBody3D" parent="." instance=ExtResource("4_aqk2v")]
transform = Transform3D(1, 0, 0, 0, 1, 0, 0, 0, 1, 0, 34.447052, 0)
gravity_scale = 2.0

[node name="CameraFollow" type="Camera3D" parent="VehicleBody3D"]
transform = Transform3D(-1, 1.51808e-08, -8.60946e-08, 0, 0.984808, 0.173648, 8.74228e-08, 0.173648, -0.984808, -0.5, 4.88, -12.244)
current = true

[node name="CameraTopDown" type="Camera3D" parent="VehicleBody3D"]
transform = Transform3D(-1, 1.51808e-08, -8.60946e-08, 0, 0.984808, 0.173648, 8.74228e-08, 0.173648, -0.984808, 0, 4.88, -12.244)
script = ExtResource("2_fj7yv")

[node name="CameraCinematic" type="Camera3D" parent="VehicleBody3D"]
transform = Transform3D(-1, 1.51808e-08, -8.60946e-08, 0, 0.984808, 0.173648, 8.74228e-08, 0.173648, -0.984808, -0.5, 4.88, -12.244)

[node name="CameraOrbit" type="Camera3D" parent="VehicleBody3D"]
transform = Transform3D(-1, 1.51808e-08, -8.60946e-08, 0, 0.984808, 0.173648, 8.74228e-08, 0.173648, -0.984808, -0.5, 4.88, -12.244)

[node name="SnowParticles" type="GPUParticles3D" parent="."]
transform = Transform3D(-0.9989355, -0.024141368, 0.039306387, -0.024571758, 0.99964285, -0.010503516, -0.039038785, -0.011458164, -0.99917215, 249.12372, 106.14195, 302.85712)
custom_aabb = AABB(-1000, -1000, -1000, 2000, 2000, 2000)
amount = 2000
lifetime = 5.0
process_material = SubResource("ParticleProcessMaterial_qfnet")
draw_pass_1 = SubResource("QuadMesh_4mrxx")

[node name="SnowParticles2" type="GPUParticles3D" parent="."]
transform = Transform3D(-0.9989355, -0.024141368, 0.039306387, -0.024571758, 0.99964285, -0.010503516, -0.039038785, -0.011458164, -0.99917215, 249.12372, 106.14195, 142.64467)
custom_aabb = AABB(-1000, -1000, -1000, 2000, 2000, 2000)
amount = 2000
lifetime = 5.0
process_material = SubResource("ParticleProcessMaterial_qfnet")
draw_pass_1 = SubResource("QuadMesh_4mrxx")

[node name="SnowParticles3" type="GPUParticles3D" parent="."]
transform = Transform3D(-0.9989355, -0.024141368, 0.039306387, -0.024571758, 0.99964285, -0.010503516, -0.039038785, -0.011458164, -0.99917215, 423.59653, 106.14195, 302.85712)
custom_aabb = AABB(-1000, -1000, -1000, 2000, 2000, 2000)
amount = 2000
lifetime = 5.0
process_material = SubResource("ParticleProcessMaterial_qfnet")
draw_pass_1 = SubResource("QuadMesh_4mrxx")

[node name="SnowParticles4" type="GPUParticles3D" parent="."]
transform = Transform3D(-0.9989355, -0.024141368, 0.039306387, -0.024571758, 0.99964285, -0.010503516, -0.039038785, -0.011458164, -0.99917215, 423.59653, 106.14195, 142.64467)
custom_aabb = AABB(-1000, -1000, -1000, 2000, 2000, 2000)
amount = 2000
lifetime = 5.0
process_material = SubResource("ParticleProcessMaterial_qfnet")
draw_pass_1 = SubResource("QuadMesh_4mrxx")

[node name="SnowParticles5" type="GPUParticles3D" parent="."]
transform = Transform3D(-0.9989355, -0.024141368, 0.039306387, -0.024571758, 0.99964285, -0.010503516, -0.039038785, -0.011458164, -0.99917215, 95.1099, 106.14195, 302.85712)
custom_aabb = AABB(-1000, -1000, -1000, 2000, 2000, 2000)
amount = 2000
lifetime = 5.0
process_material = SubResource("ParticleProcessMaterial_qfnet")
draw_pass_1 = SubResource("QuadMesh_4mrxx")

[node name="SnowParticles6" type="GPUParticles3D" parent="."]
transform = Transform3D(-0.9989355, -0.024141368, 0.039306387, -0.024571758, 0.99964285, -0.010503516, -0.039038785, -0.011458164, -0.99917215, 95.1099, 106.14195, 142.64467)
custom_aabb = AABB(-1000, -1000, -1000, 2000, 2000, 2000)
amount = 2000
lifetime = 5.0
process_material = SubResource("ParticleProcessMaterial_qfnet")
draw_pass_1 = SubResource("QuadMesh_4mrxx")

[node name="CoinsCounterDisplay" parent="." instance=ExtResource("7_i7141")]

[node name="Coins" type="Node3D" parent="."]
transform = Transform3D(1, 0, 0, 0, 1, 0, 0, 0, 1, 0, -40.090927, 0)

[node name="coin" parent="Coins" node_paths=PackedStringArray("coin_counter") instance=ExtResource("6_qfnet")]
transform = Transform3D(0.98821235, 0, -0.15308931, 0, 1, 0, 0.15308931, 0, 0.98821235, 354.2936, 105.063515, 234.62296)
coin_counter = NodePath("../../CoinsCounterDisplay")

[node name="coin2" parent="Coins" node_paths=PackedStringArray("coin_counter") instance=ExtResource("6_qfnet")]
transform = Transform3D(0.9754808, 0, -0.22008456, 0, 1, 0, 0.22008456, 0, 0.9754808, 344.6891, 105.76389, 246.2656)
coin_counter = NodePath("../../CoinsCounterDisplay")

[node name="coin3" parent="Coins" node_paths=PackedStringArray("coin_counter") instance=ExtResource("6_qfnet")]
transform = Transform3D(0.975913, 0, -0.21816029, 0, 1, 0, 0.21816029, 0, 0.975913, 335.45172, 105.57863, 256.66226)
coin_counter = NodePath("../../CoinsCounterDisplay")

[node name="coin4" parent="Coins" node_paths=PackedStringArray("coin_counter") instance=ExtResource("6_qfnet")]
transform = Transform3D(0.9781331, 0, -0.20797998, 0, 1, 0, 0.20797998, 0, 0.9781331, 349.82596, 106.22391, 217.82642)
coin_counter = NodePath("../../CoinsCounterDisplay")

[node name="coin5" parent="Coins" node_paths=PackedStringArray("coin_counter") instance=ExtResource("6_qfnet")]
transform = Transform3D(0.977787, 0, -0.20960152, 0, 1, 0, 0.20960152, 0, 0.977787, 340.78772, 106.185555, 228.66014)
coin_counter = NodePath("../../CoinsCounterDisplay")

[node name="coin6" parent="Coins" node_paths=PackedStringArray("coin_counter") instance=ExtResource("6_qfnet")]
transform = Transform3D(1, 0, 0, 0, 1, 0, 0, 0, 1, 355.5162, 104.85243, 182.72237)
coin_counter = NodePath("../../CoinsCounterDisplay")

[node name="coin7" parent="Coins" node_paths=PackedStringArray("coin_counter") instance=ExtResource("6_qfnet")]
transform = Transform3D(1, 0, 0, 0, 1, 0, 0, 0, 1, 343.54636, 105.7472, 193.06186)
coin_counter = NodePath("../../CoinsCounterDisplay")

[node name="coin8" parent="Coins" node_paths=PackedStringArray("coin_counter") instance=ExtResource("6_qfnet")]
transform = Transform3D(1, 0, 0, 0, 1, 0, 0, 0, 1, 355.55997, 104.732834, 203.22264)
coin_counter = NodePath("../../CoinsCounterDisplay")

[node name="coin9" parent="Coins" node_paths=PackedStringArray("coin_counter") instance=ExtResource("6_qfnet")]
transform = Transform3D(0.5438044, 0, 0.83921194, 0, 1, 0, -0.83921194, 0, 0.5438044, 305.12778, 102.759735, 79.2448)
coin_counter = NodePath("../../CoinsCounterDisplay")

[node name="coin10" parent="Coins" node_paths=PackedStringArray("coin_counter") instance=ExtResource("6_qfnet")]
transform = Transform3D(0.73911405, 0, 0.6735802, 0, 1, 0, -0.6735802, 0, 0.73911405, 317.08887, 102.77543, 88.72262)
coin_counter = NodePath("../../CoinsCounterDisplay")

[node name="coin11" parent="Coins" node_paths=PackedStringArray("coin_counter") instance=ExtResource("6_qfnet")]
transform = Transform3D(0.5417522, 0, 0.8405382, 0, 1, 0, -0.8405382, 0, 0.5417522, 305.72916, 104.304436, 95.6715)
coin_counter = NodePath("../../CoinsCounterDisplay")

[node name="coin12" parent="Coins" node_paths=PackedStringArray("coin_counter") instance=ExtResource("6_qfnet")]
transform = Transform3D(0.8334617, 0, 0.5525772, 0, 1, 0, -0.5525772, 0, 0.8334617, 316.79333, 104.08759, 100.65709)
coin_counter = NodePath("../../CoinsCounterDisplay")

[node name="coin13" parent="Coins" node_paths=PackedStringArray("coin_counter") instance=ExtResource("6_qfnet")]
transform = Transform3D(0.33031672, 0, 0.9438701, 0, 1, 0, -0.9438701, 0, 0.33031672, 278.4098, 104.56333, 81.83509)
coin_counter = NodePath("../../CoinsCounterDisplay")

[node name="coin14" parent="Coins" node_paths=PackedStringArray("coin_counter") instance=ExtResource("6_qfnet")]
transform = Transform3D(0.4901129, 0, 0.8716589, 0, 1, 0, -0.8716589, 0, 0.4901129, 289.53415, 102.94624, 72.68696)
coin_counter = NodePath("../../CoinsCounterDisplay")

[node name="coin15" parent="Coins" node_paths=PackedStringArray("coin_counter") instance=ExtResource("6_qfnet")]
transform = Transform3D(0.33031672, 0, 0.9438701, 0, 1, 0, -0.9438701, 0, 0.33031672, 291.8631, 104.37805, 88.54923)
coin_counter = NodePath("../../CoinsCounterDisplay")

[node name="coin16" parent="Coins" node_paths=PackedStringArray("coin_counter") instance=ExtResource("6_qfnet")]
transform = Transform3D(0.9259366, 0, 0.37767914, 0, 1, 0, -0.37767914, 0, 0.9259366, 170.09056, 106, 331.39258)
coin_counter = NodePath("../../CoinsCounterDisplay")

[node name="coin30" parent="Coins" node_paths=PackedStringArray("coin_counter") instance=ExtResource("6_qfnet")]
transform = Transform3D(0.98934114, 0, -0.14561683, 0, 1, 0, 0.14561683, 0, 0.98934114, 157.96718, 104.867584, 184.589)
coin_counter = NodePath("../../CoinsCounterDisplay")

[node name="coin31" parent="Coins" node_paths=PackedStringArray("coin_counter") instance=ExtResource("6_qfnet")]
transform = Transform3D(0.9894754, 0, -0.14470161, 0, 1, 0, 0.14470161, 0, 0.9894754, 147.77422, 102.76119, 192.25224)
coin_counter = NodePath("../../CoinsCounterDisplay")

[node name="coin32" parent="Coins" node_paths=PackedStringArray("coin_counter") instance=ExtResource("6_qfnet")]
transform = Transform3D(0.9931095, 0, -0.11719075, 0, 1, 0, 0.11719075, 0, 0.9931095, 155.61366, 105.421326, 205.4185)
coin_counter = NodePath("../../CoinsCounterDisplay")

[node name="coin33" parent="Coins" node_paths=PackedStringArray("coin_counter") instance=ExtResource("6_qfnet")]
transform = Transform3D(0.996797, 0, -0.079972744, 0, 1, 0, 0.079972744, 0, 0.996797, 144.52495, 104.3356, 215.54674)
coin_counter = NodePath("../../CoinsCounterDisplay")

[node name="coin17" parent="Coins" node_paths=PackedStringArray("coin_counter") instance=ExtResource("6_qfnet")]
transform = Transform3D(0.8803698, 0, 0.47428793, 0, 1, 0, -0.47428793, 0, 0.8803698, 175.59938, 106, 318.45413)
coin_counter = NodePath("../../CoinsCounterDisplay")

[node name="coin18" parent="Coins" node_paths=PackedStringArray("coin_counter") instance=ExtResource("6_qfnet")]
transform = Transform3D(0.93060297, 0, 0.36603022, 0, 1, 0, -0.36603022, 0, 0.93060297, 166.0455, 106, 311.19803)
coin_counter = NodePath("../../CoinsCounterDisplay")

[node name="coin19" parent="Coins" node_paths=PackedStringArray("coin_counter") instance=ExtResource("6_qfnet")]
transform = Transform3D(0.93060297, 0, 0.36603022, 0, 1, 0, -0.36603022, 0, 0.93060297, 168.43172, 106, 298.80444)
coin_counter = NodePath("../../CoinsCounterDisplay")

[node name="coin20" parent="Coins" node_paths=PackedStringArray("coin_counter") instance=ExtResource("6_qfnet")]
transform = Transform3D(0.96166956, 0, 0.27421096, 0, 1, 0, -0.27421096, 0, 0.96166956, 155.38763, 106, 297.94626)
coin_counter = NodePath("../../CoinsCounterDisplay")

[node name="coin21" parent="Coins" node_paths=PackedStringArray("coin_counter") instance=ExtResource("6_qfnet")]
transform = Transform3D(0.970817, 0, 0.23982139, 0, 1, 0, -0.23982139, 0, 0.970817, 159.84048, 106, 283.94812)
coin_counter = NodePath("../../CoinsCounterDisplay")

[node name="coin22" parent="Coins" node_paths=PackedStringArray("coin_counter") instance=ExtResource("6_qfnet")]
transform = Transform3D(0.47852325, 0, -0.8780749, 0, 1, 0, 0.8780749, 0, 0.47852325, 284.9194, 104.40726, 349.28644)
coin_counter = NodePath("../../CoinsCounterDisplay")

[node name="coin23" parent="Coins" node_paths=PackedStringArray("coin_counter") instance=ExtResource("6_qfnet")]
transform = Transform3D(0.45187432, 0, -0.8920816, 0, 1, 0, 0.8920816, 0, 0.45187432, 283.10672, 105.89951, 336.99835)
coin_counter = NodePath("../../CoinsCounterDisplay")

[node name="coin24" parent="Coins" node_paths=PackedStringArray("coin_counter") instance=ExtResource("6_qfnet")]
transform = Transform3D(0.54012287, 0, -0.84158623, 0, 1, 0, 0.84158623, 0, 0.54012287, 298.4774, 104.39252, 341.50006)
coin_counter = NodePath("../../CoinsCounterDisplay")

[node name="coin25" parent="Coins" node_paths=PackedStringArray("coin_counter") instance=ExtResource("6_qfnet")]
transform = Transform3D(0.69455796, 0, -0.7194369, 0, 1, 0, 0.7194369, 0, 0.69455796, 295.7203, 105.546104, 327.6496)
coin_counter = NodePath("../../CoinsCounterDisplay")

[node name="coin26" parent="Coins" node_paths=PackedStringArray("coin_counter") instance=ExtResource("6_qfnet")]
transform = Transform3D(0.7269103, 0, -0.6867322, 0, 1, 0, 0.6867322, 0, 0.7269103, 308.1023, 104.89571, 325.605)
coin_counter = NodePath("../../CoinsCounterDisplay")

[node name="Path3D" type="Path3D" parent="."]
transform = Transform3D(1, 0, 0, 0, 1, 0, 0, 0, 1, 280.06375, 76.479065, 68.901596)
curve = SubResource("Curve3D_i7141")

[node name="CSGPolygon3D" type="CSGPolygon3D" parent="Path3D"]
transform = Transform3D(0.9309985, 0, -0.36502305, 0, 1, 0, 0.36502305, 0, 0.9309985, -208.75116, -80.57753, -124.012924)
use_collision = true
polygon = PackedVector2Array(25, 0, 0, 2, 1, 1, 1, 0)
mode = 2
path_node = NodePath("..")
path_interval_type = 0
path_interval = 1.0
path_simplify_angle = 0.0
path_rotation = 2
path_rotation_accurate = false
path_local = false
path_continuous_u = true
path_u_distance = 1.0
path_joined = false
material = SubResource("StandardMaterial3D_4mrxx")
